0 0
1 0
2 0
3 0
4 0
5 0
6 0
7 7
8 0
9 0
10 0
11 11
12 0
13 13
14 14
15 0
16 0
17 0
18 0
19 19
20 0
21 21
22 22
23 0
24 0
25 25
26 26
27 0
28 28
29 0
30 0
31 0
32 0
33 0
34 0
35 35
36 0
37 37
38 38
39 0
40 0
41 41
42 42
43 0
44 44
45 0
46 0
47 0
48 0
49 49
50 50
51 0
52 52
53 0
54 0
55 0
56 56
57 0
58 0
59 0
60 0
61 0
62 0
63 0
64 0
65 0
66 0
67 67
68 0
69 69
70 70
71 0
72 0
73 73
74 74
75 0
76 76
77 0
78 0
79 0
80 0
81 81
82 82
83 0
84 84
85 0
86 0
87 0
88 88
89 0
90 0
91 0
92 0
93 0
94 0
95 0
96 0
97 97
98 98
99 0
100 100
101 0
102 0
103 0
104 104
105 0
106 0
107 0
108 0
109 0
110 0
111 0
112 112
113 0
114 0
115 0
116 0
117 0
118 0
119 0
120 0
121 0
122 0
123 0
124 0
125 0
126 0
127 384
128 0
129 0
130 0
131 131
132 0
133 133
134 134
135 0
136 0
137 137
138 138
139 0
140 140
141 0
142 0
143 0
144 0
145 145
146 146
147 0
148 148
149 0
150 0
151 0
152 152
153 0
154 0
155 0
156 0
157 0
158 0
159 0
160 0
161 161
162 162
163 0
164 164
165 0
166 0
167 0
168 168
169 0
170 0
171 0
172 0
173 0
174 0
175 0
176 176
177 0
178 0
179 0
180 0
181 0
182 0
183 0
184 0
185 0
186 0
187 0
188 0
189 0
190 0
191 320
192 0
193 193
194 194
195 0
196 196
197 0
198 0
199 0
200 200
201 0
202 0
203 0
204 0
205 0
206 0
207 0
208 208
209 0
210 0
211 0
212 0
213 0
214 0
215 0
216 0
217 0
218 0
219 0
220 0
221 0
222 0
223 288
224 224
225 0
226 0
227 0
228 0
229 0
230 0
231 0
232 0
233 0
234 0
235 0
236 0
237 0
238 0
239 272
240 0
241 0
242 0
243 0
244 0
245 0
246 0
247 264
248 0
249 0
250 0
251 260
252 0
253 258
254 257
255 0
256 0
257 0
258 0
259 259
260 0
261 261
262 262
263 0
264 0
265 265
266 266
267 0
268 268
269 0
270 0
271 0
272 0
273 273
274 274
275 0
276 276
277 0
278 0
279 0
280 280
281 0
282 0
283 0
284 0
285 0
286 0
287 0
288 0
289 289
290 290
291 0
292 292
293 0
294 0
295 0
296 296
297 0
298 0
299 0
300 0
301 0
302 0
303 0
304 304
305 0
306 0
307 0
308 0
309 0
310 0
311 0
312 0
313 0
314 0
315 0
316 0
317 0
318 0
319 192
320 0
321 321
322 322
323 0
324 324
325 0
326 0
327 0
328 328
329 0
330 0
331 0
332 0
333 0
334 0
335 0
336 336
337 0
338 0
339 0
340 0
341 0
342 0
343 0
344 0
345 0
346 0
347 0
348 0
349 0
350 0
351 160
352 352
353 0
354 0
355 0
356 0
357 0
358 0
359 0
360 0
361 0
362 0
363 0
364 0
365 0
366 0
367 144
368 0
369 0
370 0
371 0
372 0
373 0
374 0
375 136
376 0
377 0
378 0
379 132
380 0
381 130
382 129
383 0
384 0
385 385
386 386
387 0
388 388
389 0
390 0
391 0
392 392
393 0
394 0
395 0
396 0
397 0
398 0
399 0
400 400
401 0
402 0
403 0
404 0
405 0
406 0
407 0
408 0
409 0
410 0
411 0
412 0
413 0
414 0
415 96
416 416
417 0
418 0
419 0
420 0
421 0
422 0
423 0
424 0
425 0
426 0
427 0
428 0
429 0
430 0
431 80
432 0
433 0
434 0
435 0
436 0
437 0
438 0
439 72
440 0
441 0
442 0
443 68
444 0
445 66
446 65
447 0
448 448
449 0
450 0
451 0
452 0
453 0
454 0
455 0
456 0
457 0
458 0
459 0
460 0
461 0
462 0
463 48
464 0
465 0
466 0
467 0
468 0
469 0
470 0
471 40
472 0
473 0
474 0
475 36
476 0
477 34
478 33
479 0
480 0
481 0
482 0
483 0
484 0
485 0
486 0
487 24
488 0
489 0
490 0
491 20
492 0
493 18
494 17
495 0
496 0
497 0
498 0
499 12
500 0
501 10
502 9
503 0
504 0
505 6
506 5
507 0
508 3
509 0
510 0
511 0
